300
50 64
-14 -4
-20 -10
-18 -2
13 17
40 56
23 28
-16 -4
-40 -27
7 25
11 16
-29 -26
-3 -3
29 33
6 21
-6 11
-9 7
6 20
-24 -20
17 34
14 20
-47 -39
-2 -1
26 41
-4 14
-15 0
-1 4
32 41
-19 -8
-20 -5
5 23
-12 -11
-19 -12
-50 -31
42 54
28 43
-23 -14
3 6
25 41
30 36
-25 -16
-1 17
-5 -1
4 20
16 17
-7 10
23 29
19 20
-28 -9
-25 -17
-36 -32
-1 3
46 59
-22 -4
-30 -18
-33 -18
48 61
17 34
20 20
50 52
45 62
-8 4
-34 -18
-19 -4
-1 3
-36 -24
44 57
40 58
-11 -11
10 18
43 47
4 4
-10 -10
-48 -32
15 31
11 14
30 38
11 14
1 19
-25 -11
15 22
25 36
-11 -1
-43 -26
0 15
-12 1
32 37
30 34
20 22
41 61
-49 -49
-20 -9
47 52
19 38
-16 -3
-15 -12
12 19
2 12
-40 -20
8 17
-20 -20
40 48
-36 -33
27 31
-1 9
-6 4
-42 -42
6 9
17 36
16 22
-22 -15
-28 -9
-4 2
-41 -33
-6 14
-23 -13
8 18
43 52
29 30
30 38
-44 -41
37 40
50 65
40 43
-45 -40
-35 -18
-31 -11
-45 -32
4 6
-25 -11
14 17
-19 -13
34 46
-11 6
7 24
8 19
-6 -4
12 27
7 7
-11 5
39 45
-24 -17
-20 -12
-50 -38
-37 -28
12 16
46 60
-15 -15
-11 7
-13 -8
-37 -36
4 21
1 21
-7 9
-42 -39
11 24
-47 -42
-2 4
-17 0
-7 5
-6 -3
-10 -9
-23 -5
40 45
-5 -2
-42 -34
20 25
-17 -8
-30 -26
39 57
-27 -17
-6 -1
-9 9
-6 1
-12 -8
-26 -22
-37 -33
40 55
35 37
13 27
-35 -22
26 27
-38 -22
33 44
-7 -1
16 25
-34 -16
-27 -20
-13 -9
-15 0
4 22
39 55
6 16
9 13
43 52
-45 -40
2 9
-19 -8
31 41
-23 -11
22 40
-22 -6
8 19
50 58
20 35
34 46
-19 -16
-27 -7
7 10
-28 -22
48 49
-3 1
-33 -14
-15 0
12 20
27 35
-45 -34
-21 -4
-30 -13
-46 -43
37 54
-38 -19
42 60
-46 -32
24 32
15 24
-34 -21
-6 11
19 26
-35 -25
-5 3
-21 -8
5 19
-4 2
-8 12
3 6
-38 -28
20 23
16 34
-44 -24
10 20
-35 -22
-30 -23
-44 -39
-16 -14
-38 -18
2 8
30 31
23 40
24 30
19 37
44 52
9 22
-19 0
-3 -2
32 45
44 58
-50 -36
-4 -1
39 54
48 58
-34 -25
19 37
-28 -25
-25 -23
7 25
-27 -14
-44 -28
36 49
-34 -22
-13 -6
-49 -46
-18 -6
-17 -15
-46 -42
9 17
32 42
37 42
39 55
13 31
18 33
-28 -8
-13 -10
-44 -39
-28 -17
40 42
27 33
35 39
28 29
22 23
-1 9
30 36
40 53
18 19
-7 6
-38 -18
34 40
-8 3
-29 -28
38 51
