1000
374559 -28722 977386 815461
417140 377205 -523952 -316160
-61871 352899 536676 -137882
-738973 910760 907016 -949395
-899620 34203 -955978 287204
275356 542159 102797 -252286
-691203 151188 298763 845291
655680 -476969 223957 -560077
-964186 -190795 99752 145735
79065 -741589 -250243 169141
433222 315804 792317 864488
52599 613343 18243 -631993
543280 219319 21845 766971
-406650 817307 -816001 800524
320286 40922 828951 -589775
-38488 -615751 689701 -596730
605056 63915 463749 747000
692547 -330351 74184 -754190
606071 -837853 -808965 563501
275748 -533939 379691 408615
546277 671868 143607 -689565
-207787 762463 930503 -555044
-788938 -755102 -865598 -307453
-193998 778174 -75831 168335
389395 -55224 -197341 501274
-136552 -935206 -688560 -154595
-61450 -167777 -232521 -792909
-579116 377617 -470120 -968386
276263 -159545 806192 -109460
769978 941999 -59251 88349
-10228 444516 -434642 -631998
-826235 186522 -6487 60820
522674 -424420 36297 646650
-562355 -268901 -254784 -492191
-645350 174288 568948 385458
904057 -497642 792260 335688
-187725 174988 336434 -271582
556703 652714 735233 -446536
-238845 -719292 856493 -211367
-121773 527006 948523 557143
811891 999308 -603597 690407
999410 -595359 -900778 787164
-387227 869666 -430817 657797
-83911 924044 -966967 -420355
977341 986578 -256662 -98307
307898 356111 308683 -999076
910853 792702 -491506 -165343
329388 -911628 -139186 942922
325104 -305920 853041 -859065
668611 755814 -894734 -253733
-704276 -891515 -831924 767311
615915 -894900 -90441 -301688
963661 964233 -22208 -444614
-430010 182890 -908546 981856
-589242 747797 -979095 977470
102983 36191 -466647 785769
982067 279408 -495758 -975778
-274373 338002 427782 -561271
707259 -338309 -859393 -408449
524051 722465 -298064 -857452
-219060 -634084 -302940 -801217
728218 937070 -334018 -237722
46384 32715 -769680 593594
-482787 815443 -541386 -878796
-187455 129963 137375 -74760
-561889 735841 -254804 81495
-213424 597386 -34222 507607
865888 710000 181869 290137
762508 -426869 526718 -677681
-429185 -891437 -995069 -295699
730377 102020 16526 -54585
661477 -336910 116863 -971231
-679427 111569 454456 359484
-626507 259680 291833 -233877
942378 906432 -719575 869203
690676 -76087 378040 124946
-451874 68603 -349414 100254
-944886 -855872 66227 401814
675425 84602 871474 -119812
469628 -242147 -31782 891310
187049 -893777 -983294 162834
-244215 -311151 755097 -353267
-876298 241527 818872 -171223
391280 -651266 429358 412722
995825 -10966 661379 589963
974556 253789 -139571 -437342
530919 -554939 304913 686921
-607449 -529173 909918 569971
590210 -705017 780844 -824259
574380 37940 546341 887156
607886 164397 -611212 921480
650 -321663 -831291 -117572
-131104 -490136 -399949 107929
809483 -21728 273830 -616776
-736485 732981 -471187 -494860
554847 -627181 -943074 -760125
471769 338272 -341681 401286
33267 557508 -882929 -594142
-141834 -296314 -614624 -111250
-837016 -142577 729632 640465
462154 160726 -366506 648284
-943448 131586 -340579 -182150
481278 285488 549887 105670
-590081 -267369 -512069 -372551
-908587 263383 942481 140007
-753165 932752 847673 585074
-391876 384607 -944067 -473850
602583 -20760 -501762 636883
60811 -59619 612636 -25
-86718 -47592 -129623 -540673
996986 -278104 -465295 378194
834557 401584 -536031 -728459
423489 15988 -572313 -335983
-364069 -453951 135378 -610005
-951586 262694 393587 -819199
-411558 294545 -955396 -304961
-97228 445097 -742871 -152482
-353674 -146564 218833 428066
-992405 -969202 -379078 33904
641262 -793264 -613001 -44843
424160 -395173 -769299 -275999
-926232 -506021 944963 261796
595306 738176 -397722 927074
-183426 373061 109779 638771
123290 -413714 948669 -214195
704082 626816 561060 887018
186384 910410 -333351 -825141
303276 -752768 -838148 -948173
-412561 453971 890173 25343
298886 305247 233429 -158526
49829 -611396 -91356 -472490
-811503 -886882 520868 38494
-36723 324188 -975414 936188
-104441 -936711 802545 -708014
-928536 12745 -302014 460494
-932474 -267087 -873588 168748
890563 182624 77251 -690934
-8045 -642592 -504492 -784918
-938741 -376561 -119829 964599
53971 626917 70100 -106301
-936485 -589318 668457 88880
513465 -197056 268684 -171936
-558029 -398338 -689042 -219229
-952716 -214173 -446687 955401
-658728 30343 39339 -110266
97921 929321 -951613 19428
360104 235507 -574458 -172324
-172684 -557879 411523 203787
-699484 410673 -534992 792869
247167 -610447 295449 546886
-896897 -941218 -322459 -918370
-204069 755509 -282177 -551117
37321 -107106 899920 -805940
561851 944271 -277281 -787257
771217 -198985 912997 207183
38839 -262778 33124 889636
-402992 -809250 528077 935898
-891243 -998239 349245 30569
657952 831414 -37612 -39488
298713 -357105 -239119 -211844
-255478 -74083 818348 326914
-946066 -370622 -849673 -838794
-698984 229946 530870 513106
-248552 393979 264029 -665801
-261625 -44364 276284 -25337
-172830 249337 -828010 -760141
-226154 -849321 500322 951276
-649918 999237 -975847 -36574
256491 -488534 955120 -116742
308509 97859 11167 -259643
714818 -22276 516574 969582
130111 -137776 -552949 833188
-13853 728011 281412 848591
958993 -964979 49117 -468660
101396 -249347 -267571 -735059
859392 863871 299413 220251
-925070 -810830 -478719 140328
-229947 657888 19143 491007
305138 322200 -54801 -347186
139521 367895 334522 211096
361440 -324316 -315448 -397225
475254 570041 794747 -276364
-373978 629390 -662107 -15290
743107 553809 61681 -450629
389326 -783613 -873081 346087
-265804 827358 65870 225521
883499 515509 479482 674943
-788868 220379 131076 -446529
441580 -944032 -390928 -575079
403874 896116 691856 852972
387707 -875850 -751164 -364348
-868807 -454056 -159697 -685948
257488 -392971 -526026 574637
-59459 -860813 153068 33630
164545 -486429 520635 399842
180395 978040 -454197 166550
927840 -84422 479041 974062
-691238 430710 474717 -163137
-611792 785248 305366 518355
511376 -900425 -990461 -333033
49660 -976595 -627447 923445
-303140 972939 548382 542798
-366050 -119282 388238 -534163
-828371 209234 -228027 53288
506297 -173923 -248668 -669702
-561281 332537 2266 144985
-617419 -883315 -591011 779197
928087 -525966 292761 -141212
-450718 701855 328554 -470794
588526 -527092 -148374 956825
216297 986689 -614404 -240515
727512 -445751 844203 427306
-652670 14295 -505684 -113987
536793 198320 -231991 -951540
714522 -910585 956202 -569460
-189552 161952 647530 -972502
353642 530757 560655 667771
48631 -129143 -826638 -974681
867194 -704318 931209 -875654
393903 174363 397317 125137
755502 162566 221301 569566
842630 -486396 -219260 901404
-772321 185621 823037 -232394
648730 760884 248255 -947080
-866806 863176 -167598 476230
-387399 3439 -384153 844503
-968792 -386798 645814 168244
-509441 -867348 -887805 229712
980392 -199646 -333630 564145
348594 859880 144549 240782
672327 -334696 -346409 -32262
814642 -32792 -965889 562180
-763454 537029 363971 -275696
-376673 808430 -35196 148213
762413 778920 -138424 -859273
-929665 -544964 -634693 846521
-908840 745808 383660 294130
491243 809714 -686546 -449987
-131726 -835171 906099 550765
-970956 742782 189688 338400
-474710 -352249 411766 -124821
350336 714560 -804459 587464
-294148 744917 656037 612694
-394642 -394670 113214 577535
998280 917315 640916 -82773
-359951 -432980 -498747 57136
-145621 156262 -580590 67250
-731161 783539 838920 -1200
46145 842320 666500 285475
-915925 967179 927834 651906
-975938 -355356 -498796 842998
442657 401005 61989 -656705
-730187 388843 927698 -314246
511282 159539 999040 -581675
-330999 -165994 600739 204394
-42670 90570 -864523 913099
622309 77849 45795 -698804
367264 900724 831172 -561917
792357 -414310 -140019 321302
-494989 -391650 543215 137688
727620 120013 -870974 213439
-101881 784603 472877 431770
40632 559633 -161712 223135
-384183 824478 -919274 -196036
-664887 -269800 395095 -633229
-807476 -125319 -142089 -601696
876727 793178 -937626 -235531
-99604 -535204 29992 854038
-655508 448072 -994430 527576
393701 -555830 -277971 -295346
-672078 512347 900982 -829126
553230 -212306 296684 948967
656313 -143071 -540157 573427
-349893 244251 -969362 108900
-939998 733434 -18960 472952
123070 673378 406393 -686088
-192722 -532609 -735390 -359328
104308 292967 523328 916226
-477853 -233015 848933 -825782
-574221 998646 555127 -815170
-412811 -208051 14946 442117
-63900 -157035 -700280 801598
879427 729971 -587690 -484462
208233 -858147 -880812 -891013
12124 561037 -855970 805912
705207 -517717 -181520 758303
18849 -613076 447743 848116
89063 -703510 615509 -101435
-969254 932985 -890685 477402
-139663 -920334 -935927 -741020
216613 -608303 -136774 -93792
-345479 826435 -690826 667307
-630582 66436 304762 808735
957852 -125220 947934 969704
217635 -239847 907690 -16262
-806459 -523808 398763 -437882
77065 856253 77235 -581641
377250 -847179 707939 -436939
-475263 409597 -455458 680750
-25521 722895 -642641 374214
38544 -63101 -21413 792340
194685 -258987 -290516 -982139
788581 548135 223148 593589
415849 -516061 652111 672081
202759 177893 212178 59193
182321 196984 -64972 347757
515018 -234260 -523697 -562168
-476960 -245899 786297 -623402
-814367 231322 -105311 716986
76014 -508957 77278 450180
918316 251801 361089 -306866
-989507 -473396 739458 934776
108358 39943 -48094 95871
-795476 -27256 -279899 707049
-892533 868238 862532 -176780
761441 430306 274936 190400
-416220 969312 -190205 -313806
-912224 422439 -430151 -203641
-135563 242116 -615578 -378838
-463311 -211210 -317675 -951529
472037 12369 -847785 -450940
-215223 114882 -690738 54270
530784 -387720 -61679 145984
448304 485 -311797 -182423
-183001 -77516 936390 -620464
650794 -496634 995534 -795888
335513 895804 -707694 855113
383000 -214618 -707887 684778
-733936 973858 536958 834518
-694317 -118581 -465053 -950406
-807365 -610408 -27789 962372
-845807 980323 -412808 53444
-113705 -732408 -778951 -13955
476477 37910 -614335 373734
-564743 202031 -215922 -517839
-78516 -927123 -255466 531198
271932 520097 336355 475040
508883 405376 -513635 -243473
-622064 -750687 -148575 -402736
-759579 -40452 -197970 156391
-603970 -165984 736588 -539370
276262 -333120 -164101 -889128
-468554 55140 328352 348451
-943510 -580099 -326906 -464370
-302024 -693959 837617 -813002
774330 535616 -134517 -839521
628244 -243366 -297763 916018
-62213 15496 -838726 -800421
-485334 -840248 403046 -420100
-938070 -825111 -725232 543879
965965 407574 -39532 536323
-24577 -180802 -21652 -262940
752767 958280 616504 171148
289799 -427992 937688 -283087
-861009 -145067 307342 -505524
26139 295021 -752922 883223
-651139 365423 360472 395367
-197570 284100 983098 159639
287820 107706 -694560 -402180
-849935 813733 114627 781158
717705 388825 -871242 62310
-656621 -207256 523707 426150
445521 -582187 -570351 -5011
990703 584042 -710319 -874401
402389 94360 -577468 -642018
-809203 -666836 -475829 -906723
504039 529624 -584623 -78112
509201 942178 -128629 22220
884332 480554 775263 272006
777792 -815476 -653861 381441
-270531 -116440 -335543 -382848
-572639 263094 -492806 -301320
95481 558838 -353710 172213
899896 -842513 -474445 -666823
-3434 -530036 -283839 -663533
111138 -344595 -742541 -924618
485469 841285 -881319 -28244
-923587 990373 -739065 -87277
-945448 -941073 997267 686547
334516 -951275 397563 869266
-915107 -784757 -699245 -512704
625447 -916384 -238221 244128
201830 551629 -888727 -59480
-196314 -564233 847706 374936
181529 -819998 -843647 -653827
-412568 47882 753121 477571
739788 671793 230607 332204
923066 -546442 445489 -443590
-463584 857557 113370 -205161
-773142 983343 356484 738672
-187012 -532301 959520 115731
519228 -184430 487093 -934139
-556068 738633 154311 -433906
733135 -26466 -239991 -341730
-509538 -577039 612177 -159639
828341 -647736 -292758 -74579
-427005 -562144 -561562 961185
-311612 -393705 -347017 -24716
-260894 -452106 -986302 223066
451146 -286195 -913080 609312
-442070 -647531 -185282 559020
471027 552447 -288677 -969420
-211754 753714 633404 -980352
-192105 -767801 -307175 -424706
-760908 -616414 -569571 -504538
-324944 524252 980268 555955
836577 -515637 -521667 -460717
891410 962536 -716722 566245
-351962 -766690 -728977 210126
776175 305406 430904 -616868
-561511 -745670 -435806 556035
418732 -937320 819318 -635728
-678649 163874 -869359 239259
-291726 -138091 -136273 631867
-980570 642931 495605 214413
-767374 -105302 452763 -837454
162516 159969 -688010 923954
-239941 556488 -590554 -316540
-230363 287483 214037 -871821
-605337 11545 -121141 -799166
-173285 188648 970959 279114
-870062 -991121 343779 -637584
-537178 938 283395 -382000
-893372 33801 120298 -947743
-579242 -132115 165365 54609
2250 673558 -703728 -404640
289464 -526652 50718 941039
-815880 -774737 -343245 231623
-501565 137874 -400329 575542
492651 -791161 -981580 900476
818104 847016 -747845 401240
-770301 -6132 -118710 -156121
380785 136439 531352 -297309
172529 -641309 276942 -807104
953874 260876 971237 -600206
-467417 734846 39378 799890
-129249 753704 -429197 -132911
-212233 -797622 500493 -180836
-401119 -985476 899462 -854435
302965 -523287 679980 177543
272718 716584 -193978 995964
-755638 886391 -807928 854811
641952 -627490 -483201 -2810
465055 646390 -739768 -382941
-918731 -561937 -842385 -5484
638270 -102775 -602883 499070
-975817 -523127 747075 816296
406680 126522 -105290 363131
-539677 249128 181350 834010
-258019 7722 689249 752863
515778 -328153 -886013 -346444
-623371 347444 632004 325799
855785 472900 516316 -760208
-63033 595272 -968438 921664
-349275 788715 400870 -561588
97636 429941 718028 -998407
192528 673891 -925102 745884
487597 529664 701791 563672
602238 431537 367429 639194
869246 -521153 -378423 890066
-290451 93067 -572374 -47293
-241805 -232188 975263 -175276
-555813 -903193 516008 -315698
233318 -481822 327727 -257406
-697093 602223 3991 880188
-57451 -633739 -36345 722558
-866210 3074 533911 -906590
812000 -402805 168297 -621785
2645 308695 -292411 -108182
377563 843933 -485631 870672
-613989 -817751 384061 624565
-323792 353178 290105 369821
195295 -652712 648230 680557
-4757 -15448 -687983 791598
943391 -975656 -154002 887617
-327027 107535 812882 -340064
-351597 489140 -477457 -705767
678725 -584231 -436474 -552653
-68039 665404 -397723 222533
52813 902497 -547991 697507
-974184 -299726 -787384 269925
-19319 106256 390149 -523704
422831 -477969 -362393 690812
482295 -314120 -27166 -2702
-190544 219740 187088 -923140
-457153 -504294 213423 -10353
-174626 -991222 -460877 801866
322297 -100048 316867 -872581
-248755 -920382 162235 -213005
-698836 772941 -438510 -779397
-771419 -167544 513642 439819
137651 -106086 -511580 -954636
-848775 701638 819540 103552
-548673 -565238 -841357 -446884
-260679 -319436 769414 -358122
-601837 951638 770883 878973
725809 358024 -142836 -652090
-952444 -358820 -512282 513400
-974494 -52216 -617293 95657
891463 -629564 -60386 -435642
-890144 -196847 -121579 -692866
543813 -140620 -869563 -475483
126349 645343 573027 -665029
338482 367893 -68239 -98785
43589 598648 -201586 -368756
236695 -764411 -921147 -819294
232780 638061 -463875 -180287
-753331 805782 228953 648180
809338 -488431 -95092 -978942
747416 -150320 -717530 348303
-406465 836701 595946 674287
-339182 322166 -154782 543932
654476 -533153 161610 -957403
-860400 701158 -229309 927840
-164034 673694 -510456 77480
-468271 926872 -896719 281006
-671649 -416240 -280115 155853
-176327 -476965 138961 513623
-921605 -421449 -377468 676702
-504872 -345653 544959 -187382
68617 858866 754426 189117
-6396 655666 5521 182236
-483389 224874 -77662 -665177
-393383 716150 85627 83180
-89288 -859975 871860 843821
-639607 810696 180798 -830522
-672003 447730 -889545 842133
711937 -486295 206161 904489
258799 -571126 -323236 21791
-192192 777200 231342 917363
-550429 842040 440305 -402349
192187 -163443 130522 -586140
-830075 -626921 -296500 -358416
-146125 443939 -751011 -547384
-736487 -2830 847330 198685
-940587 -832859 462849 30577
-640840 421483 -504225 35531
706028 -134496 -237881 -420090
662568 356503 -654628 -23993
594424 239616 910194 497555
648675 360657 174211 717435
-802737 -57521 -488748 22356
-261187 612873 381313 -58674
335672 17459 664531 -874359
965550 386056 -935807 -485181
18875 453380 870302 446995
119971 -726595 -135193 -534675
-856938 -395628 940832 561880
-804929 181443 558750 -456827
780752 141230 -4041 -247197
-847549 381375 -577651 86342
-390 215075 -352897 -661325
606900 144168 680434 -475051
612175 907562 947613 533755
-864917 -905059 773847 825802
-623363 -490129 576986 469640
-521855 -16072 258397 722385
-814140 332080 528021 41574
381325 -819338 416659 -597176
-648860 170206 -522196 -355082
-595711 940742 -901989 -203125
874012 -735130 -895041 -553945
117781 -703393 302503 42785
-860843 361939 -109053 58528
478741 -635528 284099 -37511
-644121 -59330 490965 -68571
-257641 -193589 -52659 -885467
833462 -959634 671467 247425
-1242 -263208 -564410 653013
48262 122043 310223 557304
29038 964914 614170 249244
181922 981733 578520 943022
-428986 -388324 779344 369108
528485 -923791 674330 -774116
223361 -624958 -845507 251423
-922668 786146 745102 571880
735230 232666 -67426 393781
635223 -432590 -263319 -611607
-447426 686104 -46333 503541
-50994 -793366 49051 -139985
-323525 -523726 -457385 416234
670194 -721622 890469 -414351
135512 619215 932295 392416
-595375 -101161 -428884 -545143
105996 231254 818644 -980894
800914 339325 668941 -362779
608802 381810 304112 -838343
-413492 -828028 189242 -120745
-274758 -371323 -646833 35142
-175213 923490 -93847 -843303
-337330 563663 -241937 195009
199495 -956794 -749059 462678
225051 -914735 -616284 666722
-823098 -46295 534405 -256643
376773 346583 99810 789612
392323 589551 -401360 -875962
-313485 416687 -738930 549104
965523 -610118 866375 460411
-83418 -143718 -117407 -253904
640257 153524 572151 -116833
538820 -938696 -835664 -658651
-784791 -419682 269309 320271
46989 -169108 -215101 -680205
-4263 -610011 157788 588285
366524 -555243 118312 -539096
-988258 -776387 639063 -951114
-443854 -664234 -11085 499367
44632 -421607 510639 265328
360510 127590 -512748 9566
509908 870264 -633320 59718
274963 -896435 835783 433743
157497 -525966 550339 729412
-28496 697127 -576896 -635483
-550867 -218220 -356117 85954
711703 627459 837173 376298
-738346 309767 897838 715924
191473 440088 968922 -996472
-398442 320967 373357 689560
-154852 -341397 -327359 -470124
-782582 275581 -24550 473587
-766211 -800276 721532 -520604
-932118 -127913 -867696 -525768
455041 -569768 1218 -577346
-744977 -642523 683192 -248039
-82076 983914 -997726 664956
-543326 47351 -552813 824113
-638901 -10528 505824 471521
-830973 -11687 988042 138615
-975867 -73371 309571 570470
665982 44348 889863 966078
-752372 179826 -728389 -661532
582343 799690 -222380 199705
984958 -638818 666229 -923550
954722 140708 522328 548983
2977 -477922 779604 -157678
-818623 32323 338702 537271
-668035 -585936 2819 704215
640803 912184 159503 -300488
877529 334533 -241352 -399607
-669374 -228904 -306619 -386728
-178768 951862 984 429703
-613971 236423 25484 742936
815099 414009 -567895 941629
37356 453880 992262 930538
-322636 -888037 870614 -877191
-285760 971094 -117074 897159
905475 -24319 -983080 111731
-694202 -805861 -91715 -747792
-838378 824565 293886 -423541
487886 -235536 398550 -347635
498336 408013 885820 -939854
399760 -978782 831912 -280578
727828 293401 51733 716859
-461204 21584 181671 923753
698611 450176 977824 741739
973283 658138 -144517 -312443
-83107 629141 -619671 184416
730602 595572 -754687 -930799
180276 -369215 -266205 -94000
-745884 -672957 69608 625795
-804606 936936 199093 907362
-598792 -709712 -612240 -429289
142156 -425437 27191 659610
460321 520732 -208521 417580
-882173 -540830 615012 29250
-172438 131346 -601518 930202
-82344 -950274 433591 -535277
-875130 -196748 386570 621960
-915422 -852649 -535444 -297541
796016 -294220 583050 544621
-760347 258326 856111 99854
335851 575220 -517694 755411
-182911 461417 150783 -422360
-260322 -760558 215458 343766
47352 -884020 946015 -14641
84511 -447579 405135 -687750
-137131 -302802 -851459 -880017
-739944 -399776 259869 -972967
482437 -759719 -753601 931740
765637 771760 -941873 -362881
-380120 670302 103241 274706
-925682 -347429 -538618 -892555
-807679 -584758 -31157 -612338
576533 -388509 -450725 209298
-538972 112064 -721761 -641526
-482060 83046 -973817 -170964
-92272 -413218 -651375 -677658
-717483 -952819 773046 257087
511528 -250012 60852 81324
-786551 -335041 -925621 816095
-905284 800320 -838440 784936
-951133 292384 -203886 248882
659491 614033 -71866 -115991
961929 -615311 -503410 -304126
614902 -993775 -565447 201303
-627098 -191923 314779 185494
888516 527377 -792359 -613982
-974326 484604 -138608 40227
-281304 754706 -140855 -6520
-199696 510562 705455 -831458
-370533 833440 110806 28190
-908102 453466 -868689 -133449
-243274 418926 -462118 -100017
324132 -495695 -651131 -787574
112619 -620860 -859546 213594
-260346 -543016 -43360 -877731
188769 -890667 568618 837752
-373952 626300 -118950 -845816
-979958 673325 622446 -226668
372113 -513965 30349 970875
611419 675298 -403756 349496
-277173 -492293 800276 -128717
-251432 -96241 -529003 536980
9020 348814 -676635 720009
-383669 631488 -872007 -608170
270708 103138 408916 -647936
786663 -599906 775617 69858
362286 -560997 -954190 -75840
-433059 266601 -147093 52344
681613 451017 458843 70558
989985 -884498 -331240 744227
-972686 -241586 811362 675266
554438 752916 992508 -502052
-414287 -368040 -635257 465039
-342562 -55468 626598 991211
312746 -209191 283044 19753
483115 -732671 -571640 509915
-505555 10864 199534 754246
978604 622008 -496911 -751968
-807275 574233 127208 102654
651284 280473 820393 -947718
578578 265739 -46807 837251
317562 -427096 687521 895945
204283 -28732 -636656 -749583
391871 101500 63499 -560993
-190843 -899750 -999147 59452
-158220 -98481 -265242 -866793
-745510 -364717 215977 -350620
-652458 798937 626282 -767707
-506757 -730703 -158037 81294
491929 -970306 -78289 -789712
-470480 283114 176386 360342
-341681 585781 157408 442736
179538 -649453 429145 125397
630100 -371666 942639 -800376
-755438 730143 -652250 -102260
737511 690649 -937522 547815
-769608 -97968 -969489 -425633
574842 966079 -188500 -267617
471234 -149407 619774 116546
-480227 -445389 -336631 283650
751585 119827 359119 449621
41908 -276004 -76544 -46387
903506 808165 -757041 -958784
-716984 53506 -116950 309001
-268032 923089 1678 -702908
-945725 753379 -349491 811342
28605 -262275 -636892 4953
-284507 -31070 -48609 -37016
131063 106049 -874641 -221760
466343 258528 -728365 -475868
50893 636813 -351379 -562508
796745 256874 169852 779328
-190553 499939 919341 683151
-965252 46899 -957281 -364888
692335 -13030 -355453 -532001
864686 935993 101193 369677
-725423 -503252 69384 -936844
248869 804112 -777963 108925
-395704 855682 53096 -669380
536139 256234 -292464 365022
-499818 -741419 479620 -941170
741811 -179270 343058 -830519
196102 -899454 -904538 818208
510900 -543661 312204 -186749
-421836 971952 -554749 492012
-378353 -59962 527747 262713
272753 326914 -65590 -862267
-783446 629554 -331197 185627
642804 484215 579134 208719
-219075 22999 -240990 613619
-459708 -868884 4210 543646
-456304 725362 834548 -557718
837157 -737606 325759 153166
-465207 -134745 -516357 -406207
699747 -754962 781934 -702661
726120 -400831 590884 -860915
546667 799049 432198 579224
248800 46382 -380210 576167
943872 370030 -82681 126958
-888131 126118 -414564 535234
559857 248035 -901915 -650808
439771 -227538 254797 -275090
-157419 548397 5294 339630
-170559 656111 993264 -682501
-370833 -912787 451137 -198543
108264 -104572 -745456 -727124
562463 243466 -148345 611265
809176 667493 -33036 -880753
407375 -587926 -707699 -818504
-647406 82108 -507797 -12491
758436 -573 601932 -275201
648532 -844716 657335 -507958
-195246 666018 411354 886600
10911 -196933 -480405 -538098
941041 -664319 -362510 712540
452283 804048 -284202 858127
391073 868452 237344 -221745
-342125 -618162 -580047 42852
756093 879127 -334635 484879
-488656 -293116 511751 505787
400416 -13741 -825620 849048
-362800 754299 -140218 -589169
-116597 84480 625751 288089
-846485 -262451 338519 800364
-674149 -34414 -307961 -61650
-617796 268310 802066 907069
-579208 705413 672619 -493026
-229212 304361 832220 -729178
-813908 -720778 571506 -583340
570532 459902 500760 -188304
-69762 -323395 -504724 -446416
-821849 458676 -283710 471498
-281672 828634 945961 -163099
-206274 155725 702086 31909
949092 65152 -525221 935151
-496752 495583 36429 749646
881664 843754 383757 866847
520144 -396356 693219 -191668
180509 -296588 421747 -928842
-352084 959791 -365901 308370
-298400 677267 306641 701608
-221553 -719976 -260261 -923399
162991 845584 277176 928677
-278147 -886789 235013 -666383
-328070 25113 810255 118622
-800783 -102508 -528110 772884
-313412 -141592 72306 430899
201391 -860045 -314985 816027
130052 -630805 -881079 -668031
312621 -778609 302636 404277
-858805 383583 -645008 -421592
-179745 184595 -256581 -612167
-733042 -238321 -847965 534837
765235 -130880 202679 -633900
-943091 627490 775030 -663748
-6464 864404 -771286 -927578
410814 -619933 -480834 952418
-807158 -634181 -55969 -564360
-672375 -72132 477083 -676906
-178500 878626 -902854 -920130
-382249 -744943 406354 -154908
-112183 -949224 295167 -253229
752359 915593 718455 944594
526627 -37264 819192 -708503
702124 710282 329644 704374
518783 -438608 92558 869133
11394 -859824 90843 997999
956665 -371863 -96844 -698184
-769528 84138 495885 255922
829225 -345815 637179 -492873
-31851 369721 -203636 -902455
-184025 199236 -62250 -265862
533586 606875 253306 -299487
-516134 460773 423362 991276
-851526 8437 852183 -789339
256971 55364 -906760 746292
835026 920324 -896581 -485389
302956 -890393 -276097 -679640
630503 -796487 -95398 448765
-812546 288014 268288 -879265
-606665 -342975 471866 -340436
138660 -860229 5273 413957
-485258 -541230 -407764 354093
388715 -712578 -736345 -466919
732757 -228090 -655333 590723
640884 -827069 -645514 750183
-166684 610922 838287 -683940
480250 -520979 -970448 -685770
242527 -734879 -413013 945250
471197 605524 616166 -944605
629091 -729817 -176882 775162
-685837 -273626 -86340 71156
756061 -600881 815645 705527
-564159 -434849 663757 744221
311211 -735973 257445 -563337
721024 -4801 211928 372643
-102565 765562 612056 -28719
762421 441616 969006 -297927
-659754 -178277 960499 420696
-15049 -561577 -634199 -650960
742157 425771 -15488 61291
-854939 -389779 -955188 963314
238068 239504 976458 646682
-595623 -76446 534750 571625
-136174 174821 -266332 721017
-13517 -260161 -307973 -329918
811375 491830 -812485 -530486
-50583 -309809 457801 926854
398186 246416 -575985 -273947
369493 978309 -151315 600598
-618536 -941394 -299043 711966
-634988 33700 954771 391195
-286826 543529 744186 -880392
-108665 -919755 141496 -482859
-979420 -7232 20595 401294
-423974 23070 424846 421994
-233030 -105829 646323 -15945
-848224 -927859 946607 -9618
-52584 -431643 585987 -642484
-856421 -925575 712452 -323769
738306 201537 -205011 445116
-181407 -985412 418609 431257
-618194 -922536 -986702 457480
350958 -975018 -976406 601726
854880 -392639 134294 -257531
134627 -561094 -239743 656997
833349 -543782 -213330 -139556
125512 -645528 727192 -452549
-258494 -900230 535697 -394110
-129621 940524 294987 -994501
-561501 803077 488688 654987
360448 208478 -18237 803321
-779911 122334 -24797 387266
710815 370755 275139 72994
-202938 -759020 -125460 182017
76327 -25730 323312 -330877
-124215 -32661 677257 -488769
-948095 -729012 -422954 138640
37914 -621558 -393889 296924
-328002 -645504 -386954 314973
-862565 -31217 455486 510319
183730 -215001 -487774 24208
-642824 297612 -853175 -680941
-198519 485363 896586 -897603
-511361 302786 -374370 924797
-170915 -283649 913147 961843
-641303 233700 882774 464914
-352277 421296 -789459 -51845
904818 735074 437900 124539
-3338 -816471 262222 848888
359590 -680805 -93029 -145985
-602224 -220822 291889 -461058
-584418 -108990 910300 481332
200326 406051 919361 -566611
184676 -78590 -425763 390285
-542560 342250 -656412 708410
-195952 622392 -347445 -983435
-786217 796178 -553189 495550
-271164 250264 -236942 924904
246334 -938227 -533253 712911
617074 923915 213580 587330
-985088 261071 -737008 596970
17609 -758850 -525311 -963362
359349 316413 -341023 -87541
-908886 -399638 -283139 571721
825872 794403 625223 326971
71125 -825858 255934 -126892
404763 144013 794901 877374
431377 82338 508486 -831742
-503980 -506882 -683100 839441
426187 -693227 -988157 -668115
-734080 -506995 -375721 -273874
462440 -752769 383054 526273
-796687 681901 331941 146449
-619745 -87826 -386648 453534
-911497 -421084 572823 62249
458543 747368 -362842 819302
-836842 236968 -38172 -963854
-290926 33404 333274 -767097
457139 431544 -939250 -200648
-951789 -224581 -277544 24850
592202 489327 -28677 527926
743647 -529811 -659376 -159650
691956 866080 552307 -244959
218344 552488 -469016 -880603
-93584 904933 608944 533005
-102458 -451134 273350 -165594
-710498 976968 18417 -647503
-737359 498724 -834532 -179632
-375969 847658 -717055 -878555
80252 296371 701652 361716
-850476 -264426 -66593 373606
886042 522073 279663 435003
841657 -551379 488236 -354558
-404004 -228173 -964411 790501
451122 740833 -934432 473406
589118 593240 -31517 401054
-721237 -252679 -582494 -357001
741739 346001 -749576 -447805
-148711 -616931 59755 713364
145087 -439443 337171 -297209
205680 -520569 357095 497976
268222 -734697 -470454 749550
859640 -237144 -678914 761819
104200 911872 710059 709585
-834010 -598345 -876816 -457145
960921 968073 334700 192627
841883 -784161 -731380 481631
-138715 269912 -930500 350550
