200 1000 1 200
88 1 43
188 173 42
7 37 79
77 163 59
198 43 52
175 182 42
72 112 59
98 2 64
189 98 8
81 35 29
31 2 2
135 158 47
185 151 20
59 115 16
65 149 7
85 102 2
62 103 1
157 6 61
70 34 51
145 21 82
3 13 90
51 135 12
57 68 7
150 187 34
81 56 52
92 13 64
170 172 98
143 75 9
83 105 62
75 23 62
34 139 17
120 145 89
50 180 2
166 192 34
79 37 38
164 98 53
46 86 58
118 32 90
180 97 2
34 169 63
182 200 42
169 45 89
22 190 85
66 94 36
171 8 30
150 166 21
141 176 27
66 180 43
120 70 15
77 88 24
35 78 89
186 86 70
2 158 19
32 33 1
4 159 100
110 130 37
158 101 30
197 88 92
180 83 47
104 102 8
167 185 0
112 94 74
56 13 10
85 76 72
16 134 31
26 177 60
45 44 31
191 189 78
187 22 15
144 38 77
25 75 3
40 2 51
71 191 33
199 85 41
26 3 82
196 90 63
2 57 44
78 44 21
130 74 70
3 152 4
195 14 34
84 166 90
176 30 66
10 169 31
185 13 57
143 62 39
95 193 45
111 75 91
57 93 6
91 193 83
129 81 69
188 142 95
35 12 42
141 13 86
30 195 74
66 48 94
51 162 41
70 29 59
178 6 0
126 110 45
112 74 25
192 43 64
2 178 65
166 57 74
117 89 46
165 56 52
89 89 71
63 6 37
85 145 79
38 43 5
66 107 86
102 109 43
191 57 3
119 39 24
118 38 56
104 8 73
103 134 24
34 15 82
133 177 0
177 102 33
170 134 61
131 99 68
118 84 84
134 33 35
175 38 3
194 80 52
160 50 64
78 179 37
37 6 96
168 4 84
24 181 90
73 61 37
147 158 84
31 21 90
41 153 55
24 117 0
175 1 51
82 120 100
123 60 79
19 128 50
10 62 74
154 111 1
132 64 16
143 105 90
196 125 80
180 16 49
132 58 93
39 189 51
187 158 77
6 142 93
50 19 30
36 67 85
3 117 28
150 14 84
67 79 15
79 88 38
18 177 25
171 166 28
172 175 4
171 121 30
150 116 94
72 44 87
33 99 3
166 169 16
96 49 80
118 42 70
98 72 11
139 105 75
182 192 60
176 97 11
17 94 74
66 71 22
21 158 25
8 173 31
4 101 16
94 168 86
162 21 48
62 62 23
51 150 12
123 192 61
133 61 21
47 97 87
29 146 57
65 74 34
93 186 15
172 112 62
3 6 38
108 6 85
75 71 70
15 100 32
8 85 93
66 15 51
142 14 91
10 63 13
112 118 56
98 182 71
158 38 47
185 84 71
144 97 49
186 134 29
162 185 53
3 115 6
18 19 56
71 18 81
178 198 68
6 170 28
86 146 8
96 51 1
192 66 29
49 103 50
96 51 64
186 12 71
152 127 9
170 83 57
83 5 8
55 69 12
84 122 98
137 117 45
193 115 60
13 4 21
83 142 77
17 186 88
102 194 64
151 130 24
60 97 62
14 8 92
75 166 43
155 154 7
67 51 96
105 171 34
146 165 91
70 22 68
131 196 8
78 130 94
94 39 76
21 12 39
111 148 73
156 154 58
31 92 35
16 87 44
86 76 66
137 112 70
99 15 9
23 134 37
85 111 10
52 172 38
61 126 32
117 20 85
184 56 79
181 33 99
71 74 80
199 140 44
60 196 90
132 97 24
116 116 85
192 110 12
141 107 73
22 171 86
152 157 76
116 178 25
101 24 4
76 34 44
59 116 39
115 68 64
42 132 36
23 60 4
58 145 23
57 162 32
163 183 72
165 46 15
10 18 95
40 29 16
144 200 19
112 198 97
118 132 99
111 122 30
43 17 62
49 21 24
125 35 93
73 144 90
53 185 100
180 170 51
197 165 86
165 117 65
102 174 19
199 89 5
138 13 56
32 51 89
67 178 32
85 146 60
83 159 18
103 198 18
13 45 40
159 157 65
99 144 14
25 17 74
71 110 74
101 84 73
32 199 62
20 78 49
85 68 0
34 146 86
145 179 3
34 40 30
30 134 87
64 41 68
11 89 5
115 180 70
4 125 4
47 81 13
29 166 85
49 161 27
181 141 10
173 166 55
114 71 49
175 149 59
131 11 88
13 119 25
51 164 15
161 13 0
153 84 59
23 174 60
185 155 11
5 146 56
89 68 36
187 137 45
162 129 4
42 78 53
63 68 10
111 138 3
118 97 29
163 140 91
85 115 78
191 17 49
150 171 5
79 124 67
117 14 0
169 71 14
57 55 30
121 13 79
101 51 92
84 35 20
71 45 10
52 67 82
40 64 83
114 152 81
61 153 67
175 62 46
20 77 36
55 95 26
35 102 69
69 1 70
19 191 11
146 128 93
116 180 92
148 147 44
139 110 90
105 134 94
181 48 7
60 197 5
173 167 71
165 165 64
34 51 47
91 18 15
21 58 83
155 144 92
22 94 46
193 1 90
168 53 69
44 31 31
39 194 43
64 41 0
6 188 88
114 19 79
33 170 30
7 61 77
197 133 12
34 174 40
68 196 37
64 161 29
192 188 55
118 101 39
95 40 60
125 173 47
169 143 92
135 122 31
148 198 90
117 70 51
166 70 1
96 101 84
93 63 61
49 174 36
98 161 36
21 166 40
147 114 90
165 65 14
116 95 65
13 133 4
134 38 43
147 185 2
47 35 74
149 115 28
119 156 5
112 102 64
167 90 2
76 55 54
2 51 33
14 98 12
134 96 22
148 18 64
92 47 72
6 165 20
110 183 56
5 62 54
61 58 73
19 83 22
88 176 92
42 179 40
139 148 94
98 95 37
139 66 89
1 172 29
130 6 73
134 102 98
128 175 34
52 180 26
112 34 21
111 9 78
196 158 50
186 171 9
10 63 88
127 3 54
197 192 43
135 60 42
63 62 8
129 94 67
54 158 36
139 104 73
34 134 27
5 178 68
162 169 54
151 161 29
164 24 13
109 73 77
3 1 88
116 160 3
75 45 93
63 56 87
36 162 92
60 77 20
119 83 90
77 138 42
70 173 56
80 100 55
193 61 82
30 5 99
76 119 92
35 128 75
100 168 65
42 60 5
93 94 22
90 177 83
46 195 48
16 111 100
33 132 51
142 27 17
40 22 32
183 95 21
43 179 13
22 100 83
130 106 92
53 131 27
114 155 22
119 169 15
86 114 5
164 89 74
55 40 3
14 52 88
59 88 6
116 57 18
16 106 32
141 192 14
5 42 92
104 53 5
127 151 80
186 155 41
196 134 19
169 53 15
180 175 36
136 52 61
53 55 36
149 53 13
35 31 34
60 6 51
178 53 82
36 156 18
136 169 14
125 32 73
2 166 60
170 51 22
46 51 77
88 104 25
182 29 39
179 142 78
196 145 21
185 93 47
35 135 90
107 12 84
89 39 1
69 39 64
77 113 62
28 78 25
28 47 65
39 40 88
127 73 25
21 198 100
119 159 20
9 137 52
82 31 20
130 28 92
144 2 14
128 73 52
96 151 94
7 117 58
113 155 98
132 160 89
69 45 4
153 179 98
160 125 56
71 39 81
67 200 47
146 103 14
29 13 74
29 52 22
58 81 92
22 126 42
127 106 7
194 16 42
64 25 17
138 144 84
181 79 81
120 38 23
158 84 41
109 180 77
154 81 86
87 167 29
65 29 82
45 180 29
165 4 87
145 200 49
67 180 21
102 46 99
156 40 28
45 84 96
43 143 0
198 192 88
166 74 62
111 7 100
102 29 76
35 196 83
132 8 49
125 92 75
12 169 39
108 152 94
54 62 41
70 153 2
117 196 11
68 29 100
84 145 71
28 176 11
14 186 36
32 11 3
155 13 12
25 116 87
112 27 35
67 182 32
143 73 57
151 49 21
149 45 26
43 156 9
29 24 10
62 50 17
187 17 44
19 42 89
11 31 74
64 88 52
75 110 51
49 43 10
43 191 54
70 72 89
186 166 33
114 10 75
112 104 61
164 21 85
34 153 46
51 21 68
170 54 94
97 65 20
15 69 53
112 193 27
106 57 27
150 161 23
53 60 14
59 147 50
36 47 42
45 71 42
67 159 70
56 187 20
91 30 9
190 54 15
2 157 98
17 79 64
179 44 1
74 115 17
20 192 77
198 52 92
63 21 100
14 107 43
192 63 84
94 22 13
130 56 13
51 83 45
114 96 76
142 18 31
195 192 47
186 191 86
111 70 89
92 42 86
53 43 39
123 3 79
34 54 19
61 173 41
97 10 67
43 136 21
113 190 72
171 102 32
10 130 2
104 150 37
9 98 61
21 25 38
111 56 53
59 73 96
102 45 64
85 182 65
19 63 17
99 44 72
5 109 6
68 158 37
167 41 14
158 77 32
85 11 100
104 126 10
52 155 42
27 3 34
33 162 40
72 146 93
75 148 51
64 4 62
181 180 64
3 150 44
29 153 17
149 24 16
115 195 87
23 82 83
167 188 78
114 191 25
111 136 3
67 56 66
180 45 81
48 24 12
66 61 37
50 116 10
116 130 27
79 59 0
127 161 71
43 6 19
136 186 17
80 27 83
178 108 11
26 38 94
169 73 98
64 175 25
196 25 97
118 123 89
75 31 65
24 67 58
90 169 60
194 87 18
120 138 22
199 193 46
113 107 47
22 109 82
57 178 85
159 109 19
114 26 42
47 69 48
54 189 78
79 150 77
111 97 44
49 117 82
145 131 7
170 162 71
59 40 28
103 29 21
152 175 26
60 40 99
31 195 49
58 132 81
120 150 38
135 32 87
148 111 85
99 58 44
43 69 26
190 98 35
129 135 76
176 9 48
42 11 46
98 32 59
11 191 8
154 146 59
151 38 12
17 61 75
9 188 33
90 87 86
39 89 69
114 36 40
105 109 93
17 146 94
29 138 50
102 147 8
68 13 38
106 42 92
36 65 11
197 141 79
45 147 68
96 53 91
113 109 19
120 145 11
100 113 82
59 192 78
15 56 36
98 126 83
52 174 59
84 180 77
99 2 14
199 47 16
163 88 30
181 172 59
47 183 25
20 94 34
167 19 26
135 165 3
135 2 20
176 192 65
38 87 25
50 150 73
63 4 19
187 173 25
9 58 66
23 84 80
77 136 75
78 198 75
116 35 88
198 25 76
96 133 51
137 38 89
167 44 80
137 129 33
158 167 54
125 140 14
177 78 33
23 82 9
15 148 85
166 28 91
166 83 1
80 12 54
55 149 3
22 87 17
14 8 61
66 8 98
80 86 86
183 186 85
75 51 3
188 34 26
7 147 14
110 148 10
126 153 9
76 191 41
62 51 19
128 90 6
118 116 33
194 174 70
66 159 10
71 178 2
54 188 41
192 131 54
6 106 31
91 173 26
185 160 84
99 133 79
156 57 60
137 9 80
79 81 81
159 105 28
167 11 82
13 52 6
30 144 32
128 29 53
1 59 30
177 28 30
199 32 60
82 22 2
123 66 66
63 87 8
92 118 21
33 42 77
172 94 79
110 69 88
92 1 23
26 33 56
165 192 98
154 2 21
17 102 87
132 178 60
174 43 9
17 163 35
144 66 24
38 51 24
85 73 46
148 74 96
150 133 53
183 153 83
130 183 27
49 73 6
60 27 5
100 49 52
37 64 36
18 61 72
80 162 47
70 142 74
119 70 99
158 192 64
129 122 89
105 139 41
169 91 34
153 113 65
154 6 13
174 40 90
106 157 92
138 24 98
129 102 89
2 95 86
17 200 49
170 149 76
172 68 31
33 122 47
181 64 44
164 99 94
17 2 48
197 182 19
10 102 98
56 160 74
159 120 77
163 199 76
191 138 3
191 157 80
42 66 95
140 160 96
172 123 47
62 94 1
185 74 3
9 113 15
193 38 6
140 156 7
181 30 95
117 45 88
126 63 55
28 2 25
10 149 64
101 153 47
86 161 53
134 86 59
100 37 5
18 58 15
182 120 63
190 131 53
8 75 93
145 22 95
117 46 83
169 82 83
165 85 81
195 72 58
122 4 3
156 6 64
14 177 74
139 74 66
172 180 25
64 103 47
198 10 59
125 149 39
122 189 80
186 151 8
196 99 96
98 166 18
167 82 58
138 198 40
144 134 46
160 100 94
180 132 100
148 112 69
176 143 92
102 112 2
135 22 67
175 104 2
125 197 67
176 86 71
100 29 51
80 126 41
56 62 57
32 12 18
101 169 16
75 26 98
153 88 98
40 194 63
100 83 81
115 95 3
150 85 1
86 162 68
125 169 68
130 174 88
162 81 66
37 145 28
109 195 57
108 58 12
8 177 91
143 117 94
62 80 6
101 61 35
123 163 52
57 165 57
173 143 19
199 129 95
130 59 67
177 75 20
104 100 48
104 62 37
96 102 28
58 163 98
129 165 74
58 108 88
33 73 45
188 172 7
104 159 39
176 41 78
190 200 96
91 23 70
192 11 80
53 4 27
44 127 70
98 69 38
175 114 9
99 179 54
181 139 11
42 198 55
59 27 94
109 120 85
184 152 21
162 178 6
188 37 15
17 199 67
195 192 59
60 189 11
199 77 41
101 73 37
189 127 60
89 194 48
137 184 67
119 123 15
16 134 37
89 58 83
17 11 59
181 197 98
102 188 1
28 71 14
7 43 40
98 192 10
32 124 63
103 32 26
187 145 66
84 189 61
120 59 4
196 158 25
100 11 86
149 58 91
43 30 85
142 189 48
75 86 85
120 182 72
125 187 96
86 187 44
